(4,(160.4,3418.2400000000016))
(4,(155.13333333333333,4358.515555555554))
(4,(146.56521739130434,3344.3327032136112))
(4,(152.45,3802.1475000000028))
(4,(149.41935483870967,3484.8241415192533))
(4,(185.23529411764707,4087.826989619374))
(4,(150.75,4061.9375))
(4,(148.40540540540542,3980.241051862671))
(4,(140.10344827586206,3645.265160523184))
(4,(167.66666666666666,3012.0))
(4,(170.1904761904762,4135.487528344671))
(4,(163.08333333333334,3360.909722222219))
(4,(154.64,4491.430400000001))
(4,(166.2,3050.2400000000016))
(4,(150.65217391304347,3496.2268431001903))
(4,(174.15384615384616,6726.130177514791))
(4,(182.65,2217.2274999999936))
(4,(152.91304347826087,4875.557655954635))
(4,(183.4814814814815,2749.138545953356))
(4,(140.1875,3063.71484375))
(4,(154.12,4388.585600000002))
(4,(137.33333333333334,3562.1269841269823))
(4,(172.72,3941.5616000000045))
(4,(151.75,4971.987499999999))
(4,(159.71428571428572,2623.4897959183654))
(4,(157.5,2264.704545454544))
(4,(143.7,4604.510000000002))
(4,(151.44444444444446,3744.4691358024684))
(4,(148.875,4236.484375))
(4,(190.23809523809524,3852.086167800451))
(4,(143.7,4253.710000000003))
(4,(158.42105263157896,3498.9806094182823))
(4,(151.88235294117646,5265.515570934254))
(4,(158.48,4581.849599999998))
(4,(116.22222222222223,5001.617283950616))
(4,(149.26923076923077,2964.504437869822))
(4,(183.45454545454547,798.0661157024733))
(4,(135.125,4019.484375))
(4,(153.14285714285714,3190.027210884353))
(4,(149.73333333333332,3956.195555555558))
(4,(146.66666666666666,4797.555555555558))
(4,(158.76923076923077,3800.408284023666))
(4,(148.6315789473684,3919.2853185595595))
(4,(159.04545454545453,4196.5888429752085))
(4,(157.7058823529412,4683.031141868512))
(4,(172.0,2500.2857142857138))
(4,(152.70833333333334,2810.8732638888832))
(4,(143.89473684210526,3825.6731301939035))
(4,(134.1891891891892,5341.396639883125))
(4,(156.63636363636363,3325.595041322318))
(4,(159.0,4219.714285714286))
(4,(139.125,3907.109375))
(4,(130.8421052631579,6447.0803324099725))
(4,(140.75,3657.354166666668))
(4,(165.05,3528.547499999997))
(4,(149.42857142857142,2258.0544217687093))
(4,(174.14285714285714,3690.122448979597))
(4,(157.5,2673.788461538461))
(4,(157.8,4528.560000000001))
(4,(165.77272727272728,4658.630165289254))
(4,(155.6,3356.4799999999996))
(4,(159.44444444444446,4334.246913580246))
(4,(135.06896551724137,4394.478002378124))
(4,(164.43478260869566,4095.8979206049153))
(4,(140.7,4021.4100000000035))
(4,(165.92,2593.113600000004))
(4,(137.4,3896.1399999999994))
(4,(138.30769230769232,5001.82840236686))
(4,(158.30434782608697,2483.863894139886))
(4,(165.5625,2994.62109375))
(4,(188.95,2766.9475000000093))
(4,(159.4,3367.4399999999987))
(4,(133.71428571428572,4820.299319727888))
(4,(180.65217391304347,5411.096408317586))
(4,(129.125,6150.859375))
(4,(155.43333333333334,4614.445555555558))
(4,(160.2,3780.459999999999))
(4,(150.85,2313.6274999999987))
(4,(158.68421052631578,3205.3739612188365))
(4,(163.07142857142858,4110.494897959179))
(4,(149.625,3652.984375))
(4,(159.3913043478261,4737.368620037807))
(4,(145.53333333333333,3852.3822222222225))
(4,(137.23076923076923,3789.100591715978))
(4,(174.57142857142858,3701.4829931972745))
(4,(156.25925925925927,3276.636488340191))
(4,(164.16666666666666,2508.4722222222226))
(4,(138.38095238095238,4817.950113378683))
(4,(148.22727272727272,5320.811983471074))
(4,(152.0625,6361.93359375))
(4,(149.62962962962962,3450.3072702331956))
(4,(159.85714285714286,4383.265306122445))
(4,(140.47058823529412,4459.543252595155))
(4,(157.31578947368422,2922.637119113573))
(4,(153.76923076923077,2998.254437869822))
(4,(148.56,3791.7664000000004))
(4,(159.8846153846154,1962.7943786982287))
(4,(135.0,4977.866666666665))
(4,(137.76,2250.582400000003))
(4,(159.0,3880.4000000000015))
